6
5
6 5 6 4 6
5
6 4 6 5 6
10
6 5 6 4 6 6 4 6 5 6
7
6 4 6 5 6 4 6
7
6 4 6 6 6 4 6
25
12 25 21 2 2 36 58 9 6245 2 66 5 4 6 6 1 56 6 9 5 554 6 6  455 45 66 45 9 55 5 8 552 2 88 55 2 44 6 68 5 51 54 66 4 5 565 6 5 4 5 

1
35
6 5 6 4 6 5 6 4 6 5 6 4 6 5 6 4 6 5 6 4 6 5 6 4 6 5 6 4 6 5 6 4 6 5 6 4 6 5 6 4 6 5 6 4 6 5 6 4 6 5 6 4 6 5 6 4 6 5 6 4 6 5 6 4 6 5 6 4 6 5 6 

4
4 3 1 2
6
1 2 2 1 3 1
5
10 1 2 10 5
4
1 2 1 2
7
6 4 6 5 6 4 6
50
6 4 6 5 6 1 6 2 6 3 6 4 6 5 6 6 5 6 5 66 5 6 5 6 5 62 6 56 55 6 5 6 1 6 4 6 5 6 5 6 5 6 8 5 6 54 6 5 6 5 6 5 8  2 5 6 2 4 8 2 1 5 2 5 2  2 5 2 5 2 1 5 4 5 4 8  1 7 5 48 41 8 5

6
5
6 5 6 4 6
5
6 4 6 5 6
10
6 5 6 4 6 6 4 6 5 6
7
6 4 6 5 6 4 6
7
6 4 6 6 6 4 6
25
12 25 21 2 2 36 58 9 6245 2 66 5 4 6 6 1 56 6 9 5 554 6 6  455 45 66 45 9 55 5 8 552 2 88 55 2 44 6 68 5 51 54 66 4 5 565 6 5 4 5 

4
4
4 3 1 2
6
1 2 2 1 3 1
5
10 1 2 10 5
4
1 2 1 2



1
5
6 5 6 4 6


4 5 4 8 

